86
AHI10997.1_Albatross_Island_virus_Bandavirus                    0.0000000 1.3686250 1.2603105 0.5513667 3.1495255 2.5415479 3.7084148 4.1813110 4.1809604 4.0445551 4.0837859 3.6507369 4.1065005 3.3507289 2.9642451 2.8120112 2.9301960 2.9860757 2.3554202 3.4057456 3.5405923 5.2774196 3.4669267 3.3600676 2.4261398 2.6006013 2.3759076 2.6322742 2.8957079 3.2198531 3.2199606 3.0860863 3.4930599 4.5136592 2.5996187 4.3229533 4.5376926 2.8891841 3.1403113 2.8009894 3.6078680 3.0874077 2.8862224 1.5350501 1.3732156 1.4429182 1.3627384 3.0273588 3.3631277 3.3594144 3.1822278 3.6830622 3.5181583 3.6008967 3.4875424 3.2922652 3.6074187 3.3501146 3.1449510 7.6276699 6.5977904 6.3528040 6.3498645 6.7156048 6.6849689 6.6028325 8.9999988 6.0936460 6.2681611 8.9999988 5.9992455 5.8789359 8.9999984 6.2065560 7.5430717 7.4985762 7.9282939 7.5348945 7.1764298 8.1059688 7.6851365 1.9339191 2.1953359 1.9619537 1.7845781 2.4103955 
AGL50924.1_Lone_Star_virus_Bandavirus                           1.3686250 0.0000000 0.6573321 1.2248225 3.5052646 2.7869111 3.2846576 3.3237772 3.5981997 3.5463068 3.0105697 3.4007442 3.0217524 3.6553572 2.8695471 2.8022509 3.3007532 3.1064020 2.7004362 3.9232253 3.4044764 5.2749151 3.3277912 3.6896475 2.6855808 2.6961979 2.8586974 2.8046245 2.8365818 3.1037982 2.7496738 2.8307612 3.4569097 4.4930838 3.1975695 3.6012503 3.8416228 2.9949464 3.1428014 2.7693998 3.1204752 3.1072159 2.8564764 1.5607560 1.6529486 1.6252453 1.5607857 3.1502472 3.0560261 3.1457967 3.3951166 3.5813828 3.2987631 3.6642385 3.6505802 3.1914040 4.2813623 4.2599497 4.1252867 6.2432303 4.9994746 6.2500110 5.2633246 5.4439736 5.5123898 5.5004113 6.6429469 5.3601999 5.1158690 6.6046849 5.1821124 5.4052899 5.9426537 5.2370679 7.5308738 7.4907805 5.5659949 7.3884826 6.8656952 6.4972806 5.4272173 2.1103945 2.3733786 2.0783389 2.2023683 2.4653680 
AGC60117.1_Bhanja_virus_Bandavirus                              1.2603105 0.6573321 0.0000000 1.2961483 3.6759415 2.9834394 3.1053055 3.0990323 2.9564038 3.2059011 2.7772679 3.1405443 2.8704403 3.4682005 2.9007662 2.7899194 3.0053523 3.0228863 2.5605027 3.4908291 3.1918466 4.3340165 3.1276683 3.3470310 2.3622384 2.6026331 2.5398003 2.6230541 2.5945765 2.9960694 2.6373323 2.6664152 3.1034973 4.1395290 2.6379544 3.7809992 3.4235987 2.7248672 2.9607219 2.9800670 2.8812880 2.8353332 2.8948052 1.5443659 1.7137996 1.7085471 1.7189708 2.6497212 3.0722216 3.1147731 3.2506165 3.3308740 3.4557924 3.3672586 3.3053471 2.7892395 4.5264266 4.0111228 4.2522591 6.3240738 6.2209625 6.5718930 5.2304155 5.9782679 6.4654068 6.3985693 6.9409971 6.0727060 5.4417479 6.7762879 5.4145538 6.4543473 7.1972621 5.8232231 7.6068413 7.5620841 6.1161176 8.0319108 6.6021828 6.4852553 6.3091001 2.0972124 1.9830983 1.9814831 2.0776784 2.5724145 
ADZ04472.1_SFTS_virusHB29_Bandavirus                            0.5513667 1.2248225 1.2961483 0.0000000 3.3835218 2.7795491 3.3382049 4.0435254 3.6520872 3.6817035 3.9473313 3.5571961 3.6917981 3.9819828 3.2949602 3.1102889 3.5046678 3.3082808 2.4741505 3.8468355 3.4608539 4.9088195 3.4717653 3.8112137 2.5834372 2.6544005 2.6331410 2.6933298 2.6671730 3.8345623 2.8784010 2.8064426 3.8585038 4.6822272 2.9312991 4.7476400 5.9097319 3.2026397 3.6552755 3.0802194 3.9817240 3.9214224 3.1119784 1.5946271 1.3436696 1.4271656 1.4632271 3.6142368 2.9898640 3.5811469 3.3216344 3.9180584 3.8895369 3.9713609 3.8457203 3.5265133 3.9652418 3.5402926 3.5642791 7.5298375 7.7417033 8.5753398 6.1492636 6.6483835 6.6985394 6.6856189 8.1914783 6.2447922 5.9061354 8.4298749 6.4081500 7.6149808 7.4155740 6.6410605 8.4929486 8.4444971 7.3318894 8.0554767 7.4608871 7.9715990 6.9613613 1.9594040 2.1662289 1.8928876 2.1011746 2.4372199 
APG79287.1_Hubei_diptera_virus3_Beidivirus                      3.1495255 3.5052646 3.6759415 3.3835218 0.0000000 3.4964745 3.7660158 4.2005599 3.7843795 3.9661006 3.4432973 3.3718440 3.7569341 3.6851567 3.4867890 3.5226559 4.0061549 4.1949520 3.9603200 3.6813340 3.9269665 4.0642170 2.7897710 3.0265854 3.3576297 3.6220305 3.3565412 3.3184349 3.2986278 3.8733162 3.2864002 3.3032536 3.6828618 4.1330108 3.1778050 3.9306994 4.4068916 4.1529235 3.6276711 3.1717264 2.9982773 3.4998043 3.2287951 3.3464313 3.4234765 3.1416384 2.8361671 4.0865442 3.4204765 4.1084120 4.0959282 4.1480061 4.0013868 4.0776669 4.0529023 3.8529674 4.2977891 3.9710237 3.7663564 7.5303528 8.4013249 7.2989311 5.6876871 5.6080464 5.9280510 5.8067477 8.5272091 6.0281249 5.5814775 8.5668439 5.8475599 8.3460459 8.3739106 5.4210952 8.9351970 8.8837950 7.1988329 8.9999981 8.9999985 8.0639365 7.1303164 3.8141649 4.0085212 3.4917341 3.3862024 3.5474208 
QDW80895.1_Aphis_citricidus_bunyavirus_Citricivirus             2.5415479 2.7869111 2.9834394 2.7795491 3.4964745 0.0000000 3.8283505 4.0187759 4.5506240 4.0291516 3.8099530 4.3020264 3.9792979 4.6233361 3.1172454 3.1553975 3.0086852 2.9676158 2.5139534 3.4555416 3.7361768 3.8281945 2.6864788 3.0373232 2.8966843 2.4184495 3.0010402 3.4446699 3.8255136 4.2253236 3.3486044 3.1976554 3.3248368 4.1340914 2.8725772 3.6955126 3.7459061 3.2880292 2.3505311 2.6740203 3.3728684 2.3681395 2.8347829 2.5507091 3.0931910 3.0027505 2.2901499 3.5424443 3.8264494 3.8685893 3.8200629 3.8300839 3.5198095 3.6793849 3.6834103 2.3026496 4.0165491 3.9983232 3.6835479 7.6249116 8.6837086 7.9026554 6.4042761 6.9634601 7.1448999 7.2792203 7.2295949 7.4955654 6.7668848 7.3935874 7.1947370 8.9999989 8.9999984 6.4226531 8.9999988 8.9999981 8.9999990 8.6427347 7.3990164 7.4980212 8.9999983 3.2136893 2.7052175 2.9936962 2.4304450 2.6262275 
UFE16636.1_Brassica_campestris_chinensis_coguvirus1_Coguvirus   3.7084148 3.2846576 3.1053055 3.3382049 3.7660158 3.8283505 0.0000000 1.0306668 1.0474474 1.0989264 1.1197441 1.8920180 1.0766004 2.2601810 4.1464465 3.5839922 4.3687058 3.7293759 3.9673022 4.3693741 3.9030152 4.6234354 4.1541249 4.5795289 2.7963708 2.8996698 3.1339390 2.6096787 2.6396830 1.9125559 2.5061295 2.5041816 3.1697767 4.0864952 3.4711339 3.2158851 4.5062206 3.6041797 3.6322718 3.4064856 3.5155413 3.9073889 3.6735786 3.4040083 3.0409778 2.8583244 3.3396955 3.9404965 3.4953266 2.9389804 3.1552204 2.9173207 2.9029731 3.0328333 2.9264126 3.6703913 3.3521245 3.7069562 4.4535596 4.7898854 7.3090969 4.7327626 5.5328630 5.4657303 5.4535943 5.4273441 4.8138602 5.1503465 4.9282068 4.9663330 4.8126806 8.2304589 6.3999062 4.4492861 5.4508214 5.4274226 6.0695278 5.3134095 5.2504774 5.0588425 6.2304659 3.6111286 3.0704856 3.2220263 3.6720899 3.3948664 
AST13125.1_Citrus_concave_gum-associated_virus_Coguvirus        4.1813110 3.3237772 3.0990323 4.0435254 4.2005599 4.0187759 1.0306668 0.0000000 0.6410452 0.3505313 0.6630074 1.5970556 0.7332258 2.6097581 4.6425483 3.8990898 4.6380710 3.8740653 3.6373075 3.7926372 4.2259041 4.4698880 4.6341260 3.9091362 3.6958579 3.1207486 3.9210479 2.8530984 2.8165890 2.0687271 2.7660682 2.7010007 3.1063792 4.8371103 3.5305169 4.1922952 4.6134229 3.6562650 4.0643034 3.8331622 4.5669069 3.9121109 3.6099865 3.3646398 3.3977792 3.3917004 3.0348292 4.1744530 3.3609358 2.8557294 2.6246917 2.7970984 2.8215936 2.7396065 2.7962143 4.6023787 4.4630295 4.4464969 4.8524136 5.7590883 6.8084868 6.1117934 6.7995976 6.9130024 6.9597159 6.9312557 5.7511319 7.1446567 6.0383488 5.7882847 6.4354387 6.4693772 5.5820962 6.0770065 6.7205232 6.6841118 5.4917331 6.4073637 6.1301320 5.9310048 5.3953790 3.6111687 3.0398063 3.5196900 3.4695623 3.2314839 
QVE55494.1_Watermelon_crinkle_leaf-associated_virus1_Coguvirus  4.1809604 3.5981997 2.9564038 3.6520872 3.7843795 4.5506240 1.0474474 0.6410452 0.0000000 0.5920722 0.7114046 1.6015466 0.6217878 2.7268248 4.3225430 4.2679206 3.5457163 4.0146253 3.4572935 3.6807086 4.0077745 4.1979027 5.0637492 4.5974670 3.4901991 2.9705146 3.6074534 2.3812536 2.4481959 1.9074313 2.2962688 2.3826297 3.2847650 4.2706066 3.4030717 4.2912529 4.9125370 3.6634845 3.6429245 3.1569618 4.1320967 3.6474908 3.3678613 3.7773643 3.3062972 3.1426431 3.6453492 4.0719395 3.5267301 2.7225420 2.5604949 2.5790077 2.5894987 2.5978658 2.6167430 4.0775698 3.8708883 4.2967754 4.7307871 6.5406008 5.9424845 4.9022317 5.9876842 5.8966409 5.8452817 5.7883925 6.6167329 6.4927202 5.2240929 6.3909972 5.7624636 6.1480383 6.6192132 5.3427206 6.9213099 6.8851971 6.3165134 6.7909612 7.1254241 6.7543405 6.6960155 3.4548507 3.1151438 3.2499822 4.1941420 3.3771329 
AYN78570.1_Citrus_virusA_Coguvirus                              4.0445551 3.5463068 3.2059011 3.6817035 3.9661006 4.0291516 1.0989264 0.3505313 0.5920722 0.0000000 0.7203564 1.4536201 0.8073110 2.5874966 4.1268735 3.6366574 3.8862875 3.7163484 3.2728079 3.8718440 3.8919966 4.3255918 4.6288980 3.4324255 3.6173076 3.2112654 3.9646187 2.6484223 2.6537278 2.0727365 2.5577524 2.6072817 3.1440505 4.5504226 3.1095237 3.8706759 4.4300621 3.4691679 4.0268182 3.3205443 4.1494862 3.7615253 3.3278254 3.2270530 3.1160087 3.0384994 2.8339063 4.0377945 3.5992894 2.6396726 2.4487341 2.4813793 2.5067526 2.4765224 2.4293615 4.3044236 4.2416595 4.0416238 4.5568150 5.2075797 6.2256812 4.9011608 5.5769889 5.4670968 5.7453979 5.7323147 5.4631905 5.7146761 5.1103499 5.3171381 5.1373374 6.2591722 4.8180517 5.1596505 5.8977333 5.8681377 4.9372020 6.0554087 6.1322152 5.4191556 5.1943822 3.3024208 2.9244770 3.2197697 3.7172001 3.3720795 
QVE55496.1_Watermelon_crinkle_leaf-associated_virus2_Coguvirus  4.0837859 3.0105697 2.7772679 3.9473313 3.4432973 3.8099530 1.1197441 0.6630074 0.7114046 0.7203564 0.0000000 1.5831732 0.3622505 2.4853714 3.4487368 3.7173962 3.9258102 3.4770374 3.1930210 3.9161803 3.7821843 3.9642364 4.5159745 4.2767098 3.5364237 3.4089778 3.5988557 2.5130210 2.5502870 1.9685486 2.4669109 2.3906570 2.8163742 4.9932892 3.3236819 3.3259481 4.6383510 3.3777768 3.8964044 3.5985048 3.7775052 3.5488185 3.4169319 3.1553788 3.1046412 2.9253141 2.9676082 3.8213429 3.5261353 2.5275406 2.6229720 2.7806388 2.6963435 2.7776769 2.5424843 3.8296018 4.2598436 4.1350063 4.5414786 4.7547368 5.9654026 4.7274721 5.4531970 5.4819883 5.3885344 5.3342279 4.8340158 5.1706658 4.9232548 5.0682575 4.7832784 6.2898779 5.7692330 4.5986225 5.7336630 5.7063328 5.6502387 6.4343737 5.9989861 5.2223256 5.5904762 3.3201205 3.0128428 2.9750672 3.5326536 2.8233605 
QIJ25706.1_Grapevine_associated_cogu-like_virus1_Coguvirus      3.6507369 3.4007442 3.1405443 3.5571961 3.3718440 4.3020264 1.8920180 1.5970556 1.6015466 1.4536201 1.5831732 0.0000000 1.6233019 2.9609622 3.9155056 3.5246900 3.6651031 4.1437857 3.7324174 3.9663230 3.9657149 5.0781527 3.8722871 4.0562885 3.2509997 3.2210164 3.3385071 2.5799877 2.5333900 2.2896815 2.4818550 2.4208756 3.3292811 4.7037999 3.4290913 3.1954335 4.0928816 3.7791767 3.0535272 2.9037014 3.3782668 2.9717304 2.8287060 2.8382794 3.1944387 3.3546781 3.3042477 3.4402998 2.9399174 2.7878362 2.7172338 2.9676617 2.8295434 2.7646714 2.6953883 4.0477328 4.2123876 4.1011803 4.0943979 5.6266742 7.1799525 6.4806064 5.1480449 5.9073600 5.2887966 5.2328452 5.6873175 6.0836711 5.3842003 5.1881439 5.4676886 7.3254386 4.9904816 5.2912105 5.5096532 5.4838747 5.2048325 6.1484439 4.9869072 5.5417635 5.3212774 3.0290216 3.4445542 2.8156085 3.2142940 2.6851892 
QVU28734.1_Yunnan_Paris_virus_Coguvirus                         4.1065005 3.0217524 2.8704403 3.6917981 3.7569341 3.9792979 1.0766004 0.7332258 0.6217878 0.8073110 0.3622505 1.6233019 0.0000000 2.6244275 3.4915743 3.8254998 4.0807768 3.7065655 3.3106804 4.0188135 3.5058031 3.9585888 4.1592298 4.3712954 3.3112314 3.2314570 3.4068748 2.3845430 2.4059239 1.8368075 2.3477197 2.3551727 2.7902156 5.0907124 3.5078424 3.4970156 4.3398520 3.2942089 3.7444750 3.5036749 3.6159124 3.6246423 3.1773313 3.5589712 3.1510270 3.1752632 3.0390148 3.9688536 3.7288548 2.5883270 2.8848969 2.8588643 2.9429901 2.9454162 2.6833302 3.4932173 3.6561963 3.8175964 4.3002941 5.6715418 6.0252684 5.4359771 5.6396837 5.8210571 5.7411172 5.6872415 5.6629135 5.4754942 5.0421378 5.8567467 5.1657520 6.5407249 6.9227589 4.6731431 6.4984995 6.4657572 6.3960800 7.1761251 6.4273441 6.0144733 6.4463018 3.4307906 2.9525515 3.3527087 4.0149322 3.0996191 
QCF40768.1_Entoleuca_phenui-like_virus1_Entovirus               3.3507289 3.6553572 3.4682005 3.9819828 3.6851567 4.6233361 2.2601810 2.6097581 2.7268248 2.5874966 2.4853714 2.9609622 2.6244275 0.0000000 4.2874831 3.8872771 4.3920232 3.9412029 3.8875135 3.7174757 6.1890063 5.8174007 4.0165942 5.6014523 3.8301006 3.5264857 3.5919749 2.7837367 2.7623562 2.1805611 2.5562662 2.5898579 2.9195065 3.3751562 3.4304316 4.2494012 4.2385291 4.2575748 4.2217578 3.5917759 4.8110245 4.0334131 4.1230575 3.0876876 3.1170497 3.0811728 3.4142231 4.3984827 3.5216079 3.2377340 3.4192583 3.3438546 3.0043394 3.1919204 3.1653199 4.0739330 4.8902220 4.5628584 4.4866955 6.8045477 7.7223357 5.2506352 6.1993983 5.9068338 6.3277933 6.2864375 6.8129112 5.6997889 5.4853036 6.9676002 5.6253132 8.0384708 7.7639051 5.3509598 6.7532151 6.7177251 7.2441698 6.0821429 6.4257511 6.3566326 7.2581657 3.4228248 3.5600898 2.8867642 3.7177028 2.8839301 
DAZ90968.1_Aphalara_polygoni_bunya-like_virus_Goukovirus        2.9642451 2.8695471 2.9007662 3.2949602 3.4867890 3.1172454 4.1464465 4.6425483 4.3225430 4.1268735 3.4487368 3.9155056 3.4915743 4.2874831 0.0000000 1.6258307 1.4672700 0.8806832 1.5477175 4.4373801 3.4005666 5.4298027 2.5360792 3.7121674 2.6693853 2.8342898 2.7807606 3.5816578 3.8081239 3.4985429 3.5604724 3.5600088 3.4305096 4.1097213 3.8583387 3.7708663 4.2355431 3.5396920 3.0003200 2.8746962 3.2491486 3.0412600 2.9249382 3.0987901 2.9186533 2.7867091 2.7960939 3.2111052 3.4638968 3.4270228 3.9612850 4.0229764 3.7933156 4.0322666 4.0489531 2.9838556 3.5888624 3.9821334 3.5983109 6.9291361 6.4986635 5.6277109 5.3796482 5.5122043 5.7166313 5.6905151 7.4008009 5.8880997 5.1239337 7.2926184 5.1263947 6.2499437 8.0958414 5.7800728 8.5965475 8.5424724 6.9837217 8.9999987 7.9196989 7.2218288 7.1264972 3.2461906 3.4142377 2.8778036 2.5277098 2.7916083 
DAZ90965.1_Ceraphron_bunya-like_virus_Goukovirus                2.8120112 2.8022509 2.7899194 3.1102889 3.5226559 3.1553975 3.5839922 3.8990898 4.2679206 3.6366574 3.7173962 3.5246900 3.8254998 3.8872771 1.6258307 0.0000000 1.4169190 1.5313892 1.5638871 4.0600168 4.2064879 4.6377191 3.5041023 3.4109355 3.0897673 3.6630706 3.2453540 3.6936138 3.9703564 3.9176568 3.1670102 3.4347684 3.8157453 4.5115880 3.1943425 3.8345199 4.7763959 3.9655158 3.1015129 2.5533539 4.6248247 3.1006390 2.8714302 2.7415340 2.6217142 2.8791748 2.5948577 3.6352581 3.4084771 3.6147602 3.7555753 4.1935946 3.7476230 4.1435324 3.8567563 3.5749766 4.2068271 4.4892127 4.0549622 5.1766400 4.7688471 5.2657917 4.5020928 4.2176047 4.2995813 4.2167918 5.1285550 4.4717972 3.9666938 5.2055540 4.0303689 5.4677782 5.7608479 3.9357145 6.1019530 6.0705799 5.3482167 6.6370767 5.6167998 5.3357927 5.3402627 3.1155523 3.3739880 2.9242986 2.3738817 2.7693288 
AHH60919.1_Cumuto_virus_Goukovirus                              2.9301960 3.3007532 3.0053523 3.5046678 4.0061549 3.0086852 4.3687058 4.6380710 3.5457163 3.8862875 3.9258102 3.6651031 4.0807768 4.3920232 1.4672700 1.4169190 0.0000000 1.3788031 1.8075273 4.3118067 4.0145478 5.1884394 3.6437558 3.4538484 2.9819110 3.4899492 3.2686778 3.5400385 3.7611599 4.3851136 3.9503610 3.9721212 4.0851143 4.9202908 3.8099111 5.1350972 4.9191288 4.0288878 3.5606507 3.7074140 4.0928366 3.7890428 3.4175981 3.0309640 2.9317482 2.8493489 2.9792434 4.1047063 3.8436314 4.0056234 4.3408520 4.2913467 4.1278844 4.4086227 4.1853753 3.3530335 5.2905662 5.6728591 4.4472663 6.4863359 5.7539823 5.3855628 5.1521393 4.7196049 4.9998682 4.9307304 7.0219715 5.5310116 5.0530768 6.3658551 4.8609240 6.2634193 7.6913380 4.9816401 7.3930589 7.3523715 6.5736400 6.6466403 6.4456866 6.2884433 6.3976722 3.7005368 3.1281441 3.3215775 2.8741601 3.6484335 
AEJ38173.1_Gouleako_virus_Goukovirus                            2.9860757 3.1064020 3.0228863 3.3082808 4.1949520 2.9676158 3.7293759 3.8740653 4.0146253 3.7163484 3.4770374 4.1437857 3.7065655 3.9412029 0.8806832 1.5313892 1.3788031 0.0000000 1.3951566 4.1173345 3.9307431 5.1794895 2.9502327 3.5681784 3.3773066 3.0066081 3.6011554 3.5468208 3.5185141 3.5646775 3.2128664 3.2009103 3.0656100 4.3523832 3.5307114 4.1226790 4.6821751 3.2255755 3.0829393 2.9572558 4.4416175 3.0568091 2.9012518 2.7473375 2.7333690 2.4226426 2.7632560 3.6407147 3.9993717 3.1383048 3.6084115 3.6150717 3.1986132 3.7550627 3.4563904 2.7207583 4.3738992 4.6222687 3.8358690 6.8530683 7.3636466 6.1271644 4.9470299 5.2493579 5.4727390 5.3906167 7.5266628 5.3333362 5.1096220 7.0722366 4.9577230 6.9236582 6.1057931 5.3482704 8.1699251 8.1203359 6.5801879 8.3958295 6.9792966 7.5474721 6.7484924 3.0946693 3.4297386 2.9528477 2.4530395 3.0441344 
AJG39334.1_Yichang_Insect_virus_Goukovirus                      2.3554202 2.7004362 2.5605027 2.4741505 3.9603200 2.5139534 3.9673022 3.6373075 3.4572935 3.2728079 3.1930210 3.7324174 3.3106804 3.8875135 1.5477175 1.5638871 1.8075273 1.3951566 0.0000000 3.4629790 3.6657957 3.9401276 2.7147581 3.5653636 2.7777436 2.8722798 2.8511543 3.3533148 3.2177335 3.4404026 3.0459034 3.0280525 3.6902421 3.9635565 3.3881211 3.7600875 5.2795396 3.5085403 2.2776564 2.3630714 3.5230697 2.2315679 2.4148394 3.0024537 2.5286749 2.8411602 2.3572634 3.3236863 3.3054643 3.3061501 3.4241207 3.5816124 3.2439327 3.4986100 3.3771851 3.0672418 4.1062913 4.3042109 3.9809476 6.1733828 4.7771396 5.3926494 5.1362081 4.3415246 4.5120602 4.6525358 6.5390474 4.7587233 4.3021724 6.2925742 4.5175534 4.5517274 7.1691929 4.6244063 6.7922991 6.7552611 5.8860156 7.2095652 6.1906081 6.3245672 6.7464686 3.0223457 3.0125824 2.5817401 2.7029524 3.0095173 
QRK69432.1_Solenopsis_invicta_virus14_Horwuvirus                3.4057456 3.9232253 3.4908291 3.8468355 3.6813340 3.4555416 4.3693741 3.7926372 3.6807086 3.8718440 3.9161803 3.9663230 4.0188135 3.7174757 4.4373801 4.0600168 4.3118067 4.1173345 3.4629790 0.0000000 3.1790931 2.6835367 3.2952624 4.7249316 3.0457168 3.1784296 3.2129556 3.8119484 3.4842602 3.3055031 4.1140268 3.9318843 3.7432404 3.1900473 2.6200707 3.8237792 5.1894227 3.9920059 3.5490145 3.0502185 4.2199916 3.6401780 3.3228708 3.0574706 3.0478307 2.9561820 3.1095934 3.4621867 3.8595675 3.3931665 3.0843149 3.1321093 3.2348624 3.1628749 3.2195780 3.3436101 3.5210149 3.0716644 2.9445314 5.7674849 6.5383335 6.2375550 6.4146544 6.3931054 5.7729420 5.8513867 5.9998022 6.3183813 5.7000499 5.9468525 5.7157537 6.7954600 7.4479911 5.0025781 6.4643230 6.4326284 6.7186785 6.0669903 5.8040383 5.8275670 6.8041989 3.7250791 3.2199089 3.3849482 3.5874464 3.2056104 
AJG39322.1_Wuhan_horsefly_virus_Horwuvirus                      3.5405923 3.4044764 3.1918466 3.4608539 3.9269665 3.7361768 3.9030152 4.2259041 4.0077745 3.8919966 3.7821843 3.9657149 3.5058031 6.1890063 3.4005666 4.2064879 4.0145478 3.9307431 3.6657957 3.1790931 0.0000000 3.9977614 4.0244177 4.6806340 3.6635335 3.0211279 3.6549671 4.0825326 3.8277435 3.8897574 3.7819829 3.7642681 3.8653547 4.7036972 3.1090158 3.7170689 4.0433187 3.5935788 3.8273020 3.7458712 3.9506953 3.8337670 3.3872257 3.3035013 3.5172885 3.2225202 3.2201323 3.5241229 4.3067416 3.3773818 3.8630226 4.0474079 4.2673841 4.0002726 4.0955665 3.6618890 3.9840009 3.6758319 3.1341935 8.9999987 8.0100102 8.0434170 6.6784237 7.9206819 7.6698465 7.8068698 8.9999986 7.8823972 7.2319719 8.9999988 7.9676506 7.6848851 8.9999984 7.2256188 8.9999982 8.9999982 8.9999987 8.9999988 8.9999981 8.9999988 8.9999989 3.5492461 3.2265197 3.2086416 4.2490250 3.6398396 
QLJ83472.1_Fitzroy_Crossing_tenui-like_virus1_Horwuvirus        5.2774196 5.2749151 4.3340165 4.9088195 4.0642170 3.8281945 4.6234354 4.4698880 4.1979027 4.3255918 3.9642364 5.0781527 3.9585888 5.8174007 5.4298027 4.6377191 5.1884394 5.1794895 3.9401276 2.6835367 3.9977614 0.0000000 3.8131849 4.6320995 3.9457180 3.3995691 3.7091960 3.9576157 3.9261484 4.5719871 3.6327793 3.5634339 4.5667737 4.3175425 3.5054523 4.9269070 4.5454071 5.0100747 3.4949029 3.4549754 4.6344261 3.6115883 3.6843131 4.7516797 4.1256916 4.4352934 3.9182665 3.4915827 3.6996885 4.1723202 3.6822421 3.9934057 4.0090097 4.0194994 3.8661043 3.5379962 4.3531324 4.2124129 3.8516187 8.5289874 8.8614416 6.4375298 6.4527697 5.8998637 6.5885209 6.3895388 8.3447190 6.3966756 6.6144220 8.9520325 6.0697522 8.9999984 8.3745856 5.9877462 8.9999980 8.9999987 8.5495185 8.9999985 8.9999982 8.9999983 8.9999984 4.7116530 4.0027589 4.3507921 4.6054243 3.6359569 
APG79300.1_Hubei_diptera_virus4_Hudivirus                       3.4669267 3.3277912 3.1276683 3.4717653 2.7897710 2.6864788 4.1541249 4.6341260 5.0637492 4.6288980 4.5159745 3.8722871 4.1592298 4.0165942 2.5360792 3.5041023 3.6437558 2.9502327 2.7147581 3.2952624 4.0244177 3.8131849 0.0000000 3.6984421 2.9499665 3.0961022 3.1968905 3.9350987 3.8044465 3.5830661 3.8471227 3.6281825 3.6331368 3.9206573 3.2072651 3.2633453 3.8382980 3.8237147 2.8057606 2.5250992 2.5787491 2.6881798 2.4000994 2.7756160 3.1123218 3.4566352 3.0613592 2.8540084 2.9350205 3.5627369 3.4498180 3.1265069 3.4259048 3.2541456 3.2708581 2.8403109 3.3595512 3.0079328 2.9155614 6.1140700 6.4073183 6.9717841 5.7304104 5.9689102 6.2316932 6.3307729 6.1345068 6.3192706 6.4337231 6.2990450 5.6434985 6.7794830 7.8464100 5.7886790 7.0028648 7.0003271 7.9080613 8.4050208 6.5840988 6.7750720 7.8213279 3.3786129 3.5053086 3.0327712 3.1343971 2.7209679 
APG79263.1_Hubei_lepidoptera_virus1_Hudovirus                   3.3600676 3.6896475 3.3470310 3.8112137 3.0265854 3.0373232 4.5795289 3.9091362 4.5974670 3.4324255 4.2767098 4.0562885 4.3712954 5.6014523 3.7121674 3.4109355 3.4538484 3.5681784 3.5653636 4.7249316 4.6806340 4.6320995 3.6984421 0.0000000 3.1389507 3.4688135 3.3005520 4.0370309 4.0845713 4.3348568 4.0003480 3.9849510 4.1584613 4.1617331 3.5670889 4.2968743 3.0003285 4.1421928 3.1203044 3.1961081 3.6664961 3.0472123 3.5476774 3.5755680 3.4915941 3.1413244 3.4278531 3.1517804 2.9692713 4.3711204 4.2937807 4.5652626 4.0879083 4.2701632 4.3133834 3.4917681 4.3645965 3.4463214 3.5788279 7.4968918 8.6168262 7.7826363 7.0641688 7.8012361 7.8837113 7.8493327 8.5518438 8.1500618 8.1790066 8.7198485 7.7887343 8.9999984 8.9999982 6.7341954 8.9999983 8.9319340 8.2831792 8.0299461 8.9999988 8.3607685 8.4605878 3.3012314 3.6973143 3.5392717 3.1598177 4.1251422 
AII01802.1_blacklegged_tick_virus1_Ixovirus                     2.4261398 2.6855808 2.3622384 2.5834372 3.3576297 2.8966843 2.7963708 3.6958579 3.4901991 3.6173076 3.5364237 3.2509997 3.3112314 3.8301006 2.6693853 3.0897673 2.9819110 3.3773066 2.7777436 3.0457168 3.6635335 3.9457180 2.9499665 3.1389507 0.0000000 1.3270534 0.3499512 2.6176313 2.6712302 3.0002915 2.7832668 2.5525930 3.5730240 3.6166984 3.4786199 3.4900364 3.7816001 3.1076221 2.9527605 2.5731440 3.1145761 2.9918120 3.0325850 2.5575580 2.2471107 2.3860047 2.5567569 3.0324301 2.6759834 3.7848646 3.8075727 3.7281122 3.7554194 3.9201515 3.7977890 3.2439351 3.8075580 3.4051299 3.9534487 8.0077540 6.8364500 6.1298323 5.2178067 5.8079066 5.9288993 5.8555989 7.8626791 6.1708315 5.6774521 7.9474340 5.4392690 7.2657605 8.9999987 5.3146136 7.7780436 7.6404743 7.6185673 7.4524640 7.7128479 7.4194235 8.0836507 2.9038771 3.1549909 2.3395864 2.5215717 3.1061232 
ANC97696.1_blacklegged_tick_virus3_Ixovirus                     2.6006013 2.6961979 2.6026331 2.6544005 3.6220305 2.4184495 2.8996698 3.1207486 2.9705146 3.2112654 3.4089778 3.2210164 3.2314570 3.5264857 2.8342898 3.6630706 3.4899492 3.0066081 2.8722798 3.1784296 3.0211279 3.3995691 3.0961022 3.4688135 1.3270534 0.0000000 1.1796629 2.9053910 2.8052325 2.8647697 2.7427811 2.6958220 3.4445658 3.5496398 3.3661881 4.1192930 4.1729699 3.3439438 2.5997174 2.6351649 3.2596497 2.5491009 2.8004162 2.7787445 2.7064899 2.6636949 2.5758294 2.8542175 2.7353599 2.9417415 3.3390264 3.2454565 3.0761022 3.3149098 3.3458432 2.8458237 3.1526967 3.0301135 3.3703900 6.7375496 6.2998224 5.2163340 5.5211531 6.1851956 5.9353323 5.8976140 7.1568651 5.6295569 5.7774955 6.6001840 5.5705930 6.2204604 7.0616352 4.8390355 7.2189605 7.0809602 6.5980301 7.2102695 5.8062151 6.4758888 7.1031279 2.7497525 3.1321633 2.1764571 2.7687356 2.9605644 
ASY03241.1_Fairhair_virus_Ixovirus                              2.3759076 2.8586974 2.5398003 2.6331410 3.3565412 3.0010402 3.1339390 3.9210479 3.6074534 3.9646187 3.5988557 3.3385071 3.4068748 3.5919749 2.7807606 3.2453540 3.2686778 3.6011554 2.8511543 3.2129556 3.6549671 3.7091960 3.1968905 3.3005520 0.3499512 1.1796629 0.0000000 2.4873362 2.5910550 3.1339482 2.4872038 2.4527279 3.4725921 3.6265714 3.1845097 3.5125996 4.1523824 2.8951763 2.8249821 2.6301053 3.0731106 2.8982412 3.0039351 2.3900667 2.2038382 2.2003755 2.6166995 3.2232934 2.8994191 3.8813560 3.9421502 3.8206820 3.7784981 3.9832934 3.8837880 3.2512736 3.9974472 3.4550513 3.5526622 7.9674078 6.7899987 6.5303359 5.4532654 6.0475477 6.3460085 6.2759700 8.1707686 6.1210807 5.9298509 7.8519842 5.1939834 7.3698599 8.9999987 5.4563561 8.0120009 7.8694254 7.4321906 7.7776595 7.8415797 8.0255469 8.0821838 2.8498942 3.0496406 2.4159787 2.6000964 3.1747172 
QIJ25709.1_Grapevine_associated_cogu-like_virus2_Laulavirus     2.6322742 2.8046245 2.6230541 2.6933298 3.3184349 3.4446699 2.6096787 2.8530984 2.3812536 2.6484223 2.5130210 2.5799877 2.3845430 2.7837367 3.5816578 3.6936138 3.5400385 3.5468208 3.3533148 3.8119484 4.0825326 3.9576157 3.9350987 4.0370309 2.6176313 2.9053910 2.4873362 0.0000000 0.2617401 2.1120510 0.3568452 0.3214561 2.5723463 3.8622811 3.2592743 4.0736958 3.6612353 2.9012606 3.8534432 3.1591935 3.0020699 3.8764395 3.2184728 2.7143236 2.8367768 3.0420331 3.1122051 3.9722951 3.4557675 2.8931655 2.7772887 2.7348608 2.8530294 2.7132296 2.7416949 3.1191926 3.8342548 3.6169208 3.8717164 7.3389746 6.6564499 7.6208065 5.9872460 6.1287695 7.0520378 6.9724135 7.6648023 7.0861864 6.1744857 7.7626959 6.6141188 5.9799307 8.9999982 6.1152261 7.2537905 7.2141830 7.5424318 6.3450468 6.8424362 6.9119831 7.7144055 3.0600915 3.3429121 3.1421160 3.1303399 3.0905955 
QIJ25712.1_Grapevine_associated_cogu-like_virus3_Laulavirus     2.8957079 2.8365818 2.5945765 2.6671730 3.2986278 3.8255136 2.6396830 2.8165890 2.4481959 2.6537278 2.5502870 2.5333900 2.4059239 2.7623562 3.8081239 3.9703564 3.7611599 3.5185141 3.2177335 3.4842602 3.8277435 3.9261484 3.8044465 4.0845713 2.6712302 2.8052325 2.5910550 0.2617401 0.0000000 2.1339682 0.3312953 0.3530945 2.4950923 3.8601840 3.4240169 4.2372801 3.7171681 3.1089968 3.8953769 3.3710519 3.3499741 3.7746062 3.2504915 2.8848806 3.0062067 3.1575297 3.1784477 4.3817495 3.2636206 2.9201418 2.8143440 2.6451872 2.6633604 2.6622726 2.6858902 2.8905266 3.9826468 3.4140775 3.7877433 7.2490952 6.3267198 7.0347571 5.8994772 6.2416576 6.2978429 6.2171497 7.7686568 6.2681674 5.6928013 7.8209248 5.8608259 6.0615860 9.0000000 5.4787188 7.6412239 7.5977873 7.8954007 6.2109279 6.7488357 7.3047977 8.2202920 3.1188423 3.3355072 2.9339771 2.9148298 3.1709985 
QMP81965.1_Grapevine_associated_cogu-like_virus4_Laulavirus     3.2198531 3.1037982 2.9960694 3.8345623 3.8733162 4.2253236 1.9125559 2.0687271 1.9074313 2.0727365 1.9685486 2.2896815 1.8368075 2.1805611 3.4985429 3.9176568 4.3851136 3.5646775 3.4404026 3.3055031 3.8897574 4.5719871 3.5830661 4.3348568 3.0002915 2.8647697 3.1339482 2.1120510 2.1339682 0.0000000 2.2194615 2.2121065 2.2329594 3.8247114 3.1564846 3.5762259 4.7298563 3.8472798 3.1821541 2.7736799 3.3529968 3.0596734 3.0764291 3.1347391 2.9982803 3.1037717 3.4065463 3.8305671 3.4089424 2.6270715 2.4996309 2.5989934 2.4435160 2.6258490 2.4778255 3.6904218 3.3527542 3.4471331 3.3873412 6.6478549 5.8300153 5.5143494 6.4706908 6.4854982 6.2644190 6.1816563 6.7510842 6.1275784 5.5218750 6.8725185 5.9394303 5.1172235 7.1283900 6.0120025 5.9218832 5.8916956 6.3793955 6.6525770 5.8035089 6.9222381 6.6136203 3.5565245 2.9927293 2.9598741 3.3643563 2.7220044 
ASU47550.1_Laurel_Lake_virus_Laulavirus                         3.2199606 2.7496738 2.6373323 2.8784010 3.2864002 3.3486044 2.5061295 2.7660682 2.2962688 2.5577524 2.4669109 2.4818550 2.3477197 2.5562662 3.5604724 3.1670102 3.9503610 3.2128664 3.0459034 4.1140268 3.7819829 3.6327793 3.8471227 4.0003480 2.7832668 2.7427811 2.4872038 0.3568452 0.3312953 2.2194615 0.0000000 0.1564838 2.6873176 3.8015457 3.0570110 4.3309344 3.8322788 2.9765082 3.8777206 3.3323609 3.0429102 3.6197474 3.5376585 2.7677268 3.0956129 3.1643733 3.0547056 3.6139196 3.3710265 2.7110769 2.4592138 2.4431962 2.5558221 2.5578866 2.5466272 2.9345535 4.1687781 3.6379062 3.7492014 7.0917262 6.8530839 5.8372630 5.0437893 5.2573222 5.8243927 5.7489260 7.6556824 5.6148528 5.2193427 7.8527884 5.6093751 6.6143545 8.9999981 5.1775605 7.4647094 7.4230467 7.5611253 6.5449964 6.8691611 7.4030937 7.9736277 3.2574700 3.2507939 2.9305537 3.0565318 3.0266313 
QVL22809.1_Wardell_virus_Laulavirus                             3.0860863 2.8307612 2.6664152 2.8064426 3.3032536 3.1976554 2.5041816 2.7010007 2.3826297 2.6072817 2.3906570 2.4208756 2.3551727 2.5898579 3.5600088 3.4347684 3.9721212 3.2009103 3.0280525 3.9318843 3.7642681 3.5634339 3.6281825 3.9849510 2.5525930 2.6958220 2.4527279 0.3214561 0.3530945 2.2121065 0.1564838 0.0000000 2.9066496 3.9501154 3.1215476 3.9480028 3.7846161 2.9565354 3.8271156 3.2094680 3.1540952 3.7651306 3.4648461 2.8838415 3.0946399 3.2152217 3.0108802 3.4157412 3.5633300 2.6481241 2.3425664 2.4749056 2.5950766 2.5823715 2.5636194 2.8313023 3.9448619 3.4984202 3.7275915 7.5299744 7.3332084 6.2989026 5.1343171 5.2855228 5.8425836 5.7676444 7.7946031 5.8070675 5.4178485 8.0353906 5.5696454 7.0748964 8.9999984 5.3325381 7.6785644 7.6332900 7.9508445 6.6569725 7.1336883 7.2754891 8.3486918 3.2210122 3.4533405 2.9626394 3.0444789 3.0996953 
BBI93120.1_Lentinula_edodes_virus2_Lentinuvirus                 3.4930599 3.4569097 3.1034973 3.8585038 3.6828618 3.3248368 3.1697767 3.1063792 3.2847650 3.1440505 2.8163742 3.3292811 2.7902156 2.9195065 3.4305096 3.8157453 4.0851143 3.0656100 3.6902421 3.7432404 3.8653547 4.5667737 3.6331368 4.1584613 3.5730240 3.4445658 3.4725921 2.5723463 2.4950923 2.2329594 2.6873176 2.9066496 0.0000000 4.4994669 2.8276142 3.5472608 4.3966311 3.6005499 3.5432897 3.7039104 3.8547045 3.4112854 3.6811229 2.7586495 3.6992143 3.4755755 3.4052210 4.5459927 3.4649295 2.9122454 3.2750432 3.0154923 3.1326065 2.9864779 2.9333443 3.1085627 4.1415011 4.2861781 3.8107102 6.4269345 6.0493588 8.9999987 7.2346389 7.7867764 7.8985609 7.8853392 6.6300922 8.7742895 7.4121006 6.7459985 7.7668066 6.0794432 8.9999986 8.1497508 7.8266347 7.7808003 8.2168880 7.2564036 6.4335623 6.8520868 8.4530582 3.7941318 3.6940992 3.2054408 3.9042710 3.2308488 
AYL40771.1_Melon_chlorotic_spot_virus_Mechlorovirus             4.5136592 4.4930838 4.1395290 4.6822272 4.1330108 4.1340914 4.0864952 4.8371103 4.2706066 4.5504226 4.9932892 4.7037999 5.0907124 3.3751562 4.1097213 4.5115880 4.9202908 4.3523832 3.9635565 3.1900473 4.7036972 4.3175425 3.9206573 4.1617331 3.6166984 3.5496398 3.6265714 3.8622811 3.8601840 3.8247114 3.8015457 3.9501154 4.4994669 0.0000000 3.5228636 4.2509959 4.9308594 4.2325790 3.8485932 3.2611823 3.8610961 4.0625829 3.8286056 3.6355988 3.5509145 3.5200029 3.8649632 4.4115807 4.0771635 4.2138766 3.9665928 4.1399091 3.8670474 4.2024174 4.2486711 3.9100943 3.3863040 3.5189041 3.5330417 6.0510000 6.3066765 5.8748474 5.0840766 5.0934586 5.1941863 5.0829408 5.7927930 4.9487952 5.2031254 5.8725295 5.0154857 7.1778685 8.9999985 5.3880819 7.0181744 6.8939353 8.6409719 6.6720852 6.0448261 6.0538487 8.9999981 4.2141703 3.9971222 3.4650824 3.6849376 3.8001262 
QNQ79765.1_Euproctis_pseudoconspersa_bunyavirus_Mobuvirus       2.5996187 3.1975695 2.6379544 2.9312991 3.1778050 2.8725772 3.4711339 3.5305169 3.4030717 3.1095237 3.3236819 3.4290913 3.5078424 3.4304316 3.8583387 3.1943425 3.8099111 3.5307114 3.3881211 2.6200707 3.1090158 3.5054523 3.2072651 3.5670889 3.4786199 3.3661881 3.1845097 3.2592743 3.4240169 3.1564846 3.0570110 3.1215476 2.8276142 3.5228636 0.0000000 3.6950272 4.6031748 2.2651023 3.4328858 3.0393005 3.3732482 3.1855940 2.9718050 2.4734133 2.5037849 2.5435678 2.1626524 3.2079610 3.5623210 3.9396728 3.6347094 3.8514219 3.7268969 3.5746739 3.6519461 3.4859528 3.8628212 3.3936403 2.9789027 7.1144694 7.7521518 6.5038160 5.2989817 5.8594490 6.1392230 6.2248846 7.2240570 5.3242901 5.3927273 7.4050309 5.6914552 7.0659266 7.5744763 5.6635860 6.1498487 6.1193514 6.4477897 8.0566386 6.2350131 7.4709329 6.2398779 2.8056466 2.7660032 2.7125052 2.8478467 3.2619940 
QED21535.1_Browner_virus_Mobuvirus                              4.3229533 3.6012503 3.7809992 4.7476400 3.9306994 3.6955126 3.2158851 4.1922952 4.2912529 3.8706759 3.3259481 3.1954335 3.4970156 4.2494012 3.7708663 3.8345199 5.1350972 4.1226790 3.7600875 3.8237792 3.7170689 4.9269070 3.2633453 4.2968743 3.4900364 4.1192930 3.5125996 4.0736958 4.2372801 3.5762259 4.3309344 3.9480028 3.5472608 4.2509959 3.6950272 0.0000000 3.7387806 4.0739656 3.8150736 3.4250576 3.8224305 3.4104389 3.4447307 3.6207103 4.6616464 4.4701465 4.8645590 3.2034151 3.4412930 3.7378745 4.0949233 3.9487024 4.1371800 4.0503229 4.0465445 3.9037444 4.0253827 4.0497394 3.9132936 4.8379277 5.8113453 6.6257631 5.2948081 5.2710053 5.7288788 5.7116667 4.5705029 5.4619132 5.5905603 4.4181165 5.0666874 6.0877068 6.2510800 5.1308389 5.0947476 5.0739856 5.7615565 4.6982756 5.2279590 4.9269774 6.5323643 4.5324404 4.5738911 4.5783333 3.7462660 3.7056919 
QHA33859.1_Narangue_virus_Mobuvirus                             4.5376926 3.8416228 3.4235987 5.9097319 4.4068916 3.7459061 4.5062206 4.6134229 4.9125370 4.4300621 4.6383510 4.0928816 4.3398520 4.2385291 4.2355431 4.7763959 4.9191288 4.6821751 5.2795396 5.1894227 4.0433187 4.5454071 3.8382980 3.0003285 3.7816001 4.1729699 4.1523824 3.6612353 3.7171681 4.7298563 3.8322788 3.7846161 4.3966311 4.9308594 4.6031748 3.7387806 0.0000000 3.5947659 3.4868689 3.0598678 3.5221349 3.2723440 3.2090230 4.0470887 4.0442792 4.0866516 4.2283425 3.0221794 3.7105977 4.4482787 4.4156649 4.6020084 4.3668011 4.3045989 4.1498114 3.6293670 4.1418952 3.3097021 3.8293908 6.6008338 6.9619657 7.1888077 7.0870234 8.3870398 8.4001704 8.4001731 7.7409796 7.3735822 7.7304447 6.7681380 6.7916871 7.3652477 6.5986192 6.5195431 6.5848243 6.5824957 7.0669764 6.1043873 7.4217294 6.7409068 7.2848892 3.7932961 4.3335529 3.8047292 4.3002767 3.1041339 
AOF41428.1_Mothra_virus_Mobuvirus                               2.8891841 2.9949464 2.7248672 3.2026397 4.1529235 3.2880292 3.6041797 3.6562650 3.6634845 3.4691679 3.3777768 3.7791767 3.2942089 4.2575748 3.5396920 3.9655158 4.0288878 3.2255755 3.5085403 3.9920059 3.5935788 5.0100747 3.8237147 4.1421928 3.1076221 3.3439438 2.8951763 2.9012606 3.1089968 3.8472798 2.9765082 2.9565354 3.6005499 4.2325790 2.2651023 4.0739656 3.5947659 0.0000000 3.3418545 3.3238938 3.2322135 3.2914153 3.3372558 2.9455965 2.6719924 2.7193356 2.8846601 3.4455802 3.7227025 3.9577024 4.0616778 4.3463263 4.4293391 4.4053679 4.1617565 2.8237428 5.0595862 4.2079561 4.5547648 8.3236161 8.1970264 5.6227864 7.1569437 7.5895527 7.5751237 7.5602764 8.9999988 7.0952795 7.4762800 8.1202763 6.9620889 7.5907110 7.0798873 6.7761721 8.1929558 8.0403602 6.5373340 8.9327529 7.0436186 8.2029578 6.7140436 3.4523075 3.4094919 3.5101079 3.3351163 3.3346854 
AMA19448.1_Badu_phasivirus_Phasivirus                           3.1403113 3.1428014 2.9607219 3.6552755 3.6276711 2.3505311 3.6322718 4.0643034 3.6429245 4.0268182 3.8964044 3.0535272 3.7444750 4.2217578 3.0003200 3.1015129 3.5606507 3.0829393 2.2776564 3.5490145 3.8273020 3.4949029 2.8057606 3.1203044 2.9527605 2.5997174 2.8249821 3.8534432 3.8953769 3.1821541 3.8777206 3.8271156 3.5432897 3.8485932 3.4328858 3.8150736 3.4868689 3.3418545 0.0000000 1.1357324 3.6716058 0.1681718 1.2081064 2.7205231 3.0233076 3.1015550 2.5447667 3.4566282 3.0525005 3.2395408 3.5864124 3.6638883 3.5348921 3.5412252 3.5340551 3.7937859 3.9224363 4.0224580 3.6585031 6.9282067 6.5744194 7.5266833 7.1226888 7.1658619 6.9425510 6.9247778 7.0606681 6.4135490 7.1059479 6.8353235 6.9860634 7.3023007 8.0060352 6.1053405 8.6016030 8.5991690 8.1743593 7.3970656 6.6488178 6.7590242 8.4840211 2.9069349 2.9792283 2.7077330 2.8938315 2.7434746 
QEM39251.1_Guadeloupe_mosquito_phasivirus_Phasivirus            2.8009894 2.7693998 2.9800670 3.0802194 3.1717264 2.6740203 3.4064856 3.8331622 3.1569618 3.3205443 3.5985048 2.9037014 3.5036749 3.5917759 2.8746962 2.5533539 3.7074140 2.9572558 2.3630714 3.0502185 3.7458712 3.4549754 2.5250992 3.1961081 2.5731440 2.6351649 2.6301053 3.1591935 3.3710519 2.7736799 3.3323609 3.2094680 3.7039104 3.2611823 3.0393005 3.4250576 3.0598678 3.3238938 1.1357324 0.0000000 2.8602383 1.0617109 0.5512781 2.7844585 2.7501880 3.1771802 2.4412213 3.0554615 3.0713880 3.0132591 2.8481268 2.9518743 2.6966477 3.0138000 2.9399693 3.3821769 3.8520606 3.5263773 3.9778271 5.6823064 6.3898040 6.3046467 6.0910537 5.8014995 5.4700702 5.4275119 6.1548097 5.3416939 5.5107939 5.8889821 5.5865930 6.1929419 7.6010145 5.0719421 6.6613025 6.6584761 7.8454724 5.8681452 6.0452990 6.1086202 7.8601041 2.7052701 3.3876226 2.4280252 2.4992580 2.5125087 
APG79290.1_Hubei_diptera_virus5_Phasivirus                      3.6078680 3.1204752 2.8812880 3.9817240 2.9982773 3.3728684 3.5155413 4.5669069 4.1320967 4.1494862 3.7775052 3.3782668 3.6159124 4.8110245 3.2491486 4.6248247 4.0928366 4.4416175 3.5230697 4.2199916 3.9506953 4.6344261 2.5787491 3.6664961 3.1145761 3.2596497 3.0731106 3.0020699 3.3499741 3.3529968 3.0429102 3.1540952 3.8547045 3.8610961 3.3732482 3.8224305 3.5221349 3.2322135 3.6716058 2.8602383 0.0000000 3.4277002 3.1366389 2.8591747 3.3196211 3.6113235 3.1811527 2.9379399 3.4985348 3.5985173 3.5127825 3.6052353 3.7792627 3.3509449 3.3044754 3.1837396 4.5512278 4.4207575 4.0396969 7.8497830 8.9999987 8.2962120 8.4417778 8.7342736 8.9999986 8.9999985 7.6942970 7.9013678 8.2029317 8.1058379 8.0981402 7.9195941 8.8884764 8.0497807 7.9175382 7.7745917 7.7877490 8.9999981 8.9999986 7.8180844 7.9717084 3.3797999 3.0002982 3.0318053 3.1842302 3.9224097 
QLJ83474.1_Parry_s_Creek_phasivirus1_Phasivirus                 3.0874077 3.1072159 2.8353332 3.9214224 3.4998043 2.3681395 3.9073889 3.9121109 3.6474908 3.7615253 3.5488185 2.9717304 3.6246423 4.0334131 3.0412600 3.1006390 3.7890428 3.0568091 2.2315679 3.6401780 3.8337670 3.6115883 2.6881798 3.0472123 2.9918120 2.5491009 2.8982412 3.8764395 3.7746062 3.0596734 3.6197474 3.7651306 3.4112854 4.0625829 3.1855940 3.4104389 3.2723440 3.2914153 0.1681718 1.0617109 3.4277002 0.0000000 1.1595863 2.5304107 2.9482421 2.9739084 2.4662934 3.3202903 2.9237046 3.5365052 3.6259463 3.7886641 3.4755756 3.5363650 3.5713233 3.6569898 4.1287540 3.9971820 3.5032787 6.4437587 7.5275659 7.8909983 6.8238591 6.9796525 7.2281935 7.2087791 6.9871248 6.4519134 7.2711358 6.7937459 6.7325505 6.8743612 7.3626436 6.1711736 7.6803696 7.6778145 7.4263973 7.2560032 6.2351292 6.7970723 7.7079058 2.8232501 2.8508238 2.5722856 2.7801102 2.7893520 
AKP18601.1_Phasi_Charoen-like_phasivirus_Phasivirus             2.8862224 2.8564764 2.8948052 3.1119784 3.2287951 2.8347829 3.6735786 3.6099865 3.3678613 3.3278254 3.4169319 2.8287060 3.1773313 4.1230575 2.9249382 2.8714302 3.4175981 2.9012518 2.4148394 3.3228708 3.3872257 3.6843131 2.4000994 3.5476774 3.0325850 2.8004162 3.0039351 3.2184728 3.2504915 3.0764291 3.5376585 3.4648461 3.6811229 3.8286056 2.9718050 3.4447307 3.2090230 3.3372558 1.2081064 0.5512781 3.1366389 1.1595863 0.0000000 2.7471640 2.6835139 3.1942513 2.5301416 3.0692778 3.3543483 3.2623313 3.1957409 3.3359485 3.2356723 3.2860489 3.2150184 3.3648105 4.0125847 3.6738657 3.8655424 5.7698614 5.7664178 8.4435873 6.0721753 6.0737966 5.8743367 5.8297102 6.0017463 5.5355291 5.8037988 5.8123997 5.9997495 5.5228036 7.2551834 5.5210294 7.3966495 7.3940228 6.8035531 6.3929632 6.3460829 5.6399550 7.2606526 2.7527706 3.3518492 2.6409310 2.3433141 2.6859353 
